SIMP
NP=256
SW=100000
TYPE=SPE
DATA
0.00663520067 0
0.00663634048 0.00675011876
0.00663976151 0.0135029644
0.00664546864 0.020261269
0.00665347001 0.0270277748
0.00666377703 0.0338052394
0.00667640446 0.0405964412
0.00669137042 0.0474041846
0.00670869647 0.0542313054
0.00672840767 0.0610806765
0.00675053266 0.0679552138
0.00677510377 0.074857882
0.00680215709 0.081791701
0.00683173264 0.0887597522
0.00686387447 0.0957651855
0.00689863083 0.102811226
0.00693605431 0.109901183
0.00697620205 0.117038456
0.00701913593 0.124226545
0.00706492277 0.131469057
0.00711363464 0.138769718
0.00716534902 0.146132383
0.00722014919 0.153561047
0.00727812449 0.161059856
0.00733937067 0.16863312
0.00740399027 0.176285327
0.00747209305 0.184021159
0.00754379641 0.191845508
0.00761922589 0.199763494
0.00769851571 0.207780484
0.00778180933 0.215902112
0.00786926012 0.224134306
0.00796103202 0.232483312
0.00805730036 0.240955723
0.00815825262 0.249558511
0.00826408941 0.258299061
0.00837502545 0.267185211
0.00849129069 0.2762253
0.00861313154 0.28542821
0.0087408122 0.294803427
0.00887461615 0.304361104
0.00901484784 0.314112127
0.00916183448 0.324068205
0.00931592809 0.334241953
0.00947750778 0.344647007
0.00964698229 0.355298141
0.00982479282 0.366211414
0.0100114162 0.377404334
0.0102073686 0.388896055
0.0104132095 0.400707608
0.0106295463 0.412862171
0.0108570397 0.425385405
0.01109641 0.438305844
0.0113484436 0.451655381
0.0116140017 0.46546986
0.0118940298 0.479789813
0.0121895694 0.494661385
0.0125017715 0.510137509
0.0128319141 0.526279422
0.0131814232 0.543158648
0.0135519002 0.560859639
0.0139451583 0.579483358
0.0143632717 0.599152253
0.0148086465 0.620017324
0.0152841271 0.642268482
0.0157931661 0.666150218
0.0163401153 0.691986325
0.0169307645 0.720220786
0.0175734378 0.751489609
0.0182814943 0.786757005
0.0190799179 0.827600782
0.0200264438 0.876900242
0.0213025205 0.940884699
0.0238757254 1.03798659
0.0522898393 1.30632875
0.424712019 1.09490735
0.425508857 1.02064814
0.428933492 0.986343392
0.432782958 0.968361127
0.436852254 0.959675843
0.441147338 0.957316229
0.445656291 0.959763629
0.450424634 0.966240641
0.455489569 0.976306853
0.460861447 0.989800836
0.466617663 1.00669851
0.472832063 1.02712753
0.479555576 1.0513949
0.486920983 1.07990766
0.495084445 1.11327676
0.504197885 1.15238109
0.514567629 1.19838669
0.526574514 1.25296813
0.540788192 1.31847835
0.558123475 1.39852213
0.580059813 1.4985894
0.609246986 1.62782207
0.650849516 1.80262461
0.716709053 2.05651949
0.840594587 2.47226272
1.17328583 3.34492733
5.4851977 8.49708752
3.38060461 -0.00462556543
2.6554672 0.0356605914
2.30770382 0.0387329325
2.09311364 0.0376051382
1.94424054 0.0356929069
1.83351015 0.0335918998
1.74743759 0.0315093797
1.67836684 0.0294275953
1.62162948 0.0274656366
1.57428048 0.0255803794
1.53415824 0.0237412941
1.49990778 0.0219905175
1.47045275 0.0202584351
1.44492089 0.0186144183
1.42279732 0.0170163309
1.40358013 0.0154727936
1.38692581 0.0139046025
1.37247321 0.0124398788
1.3600542 0.0109895136
1.34947893 0.00957888652
1.34053581 0.00816828156
1.33315273 0.00675565073
1.32724897 0.00539257434
1.32274489 0.00405143436
1.31951816 0.00269143156
1.31763628 0.0013200611
1.31699946 0
1.31763628 -0.0013200611
1.31951816 -0.00269143156
1.32274489 -0.00405143436
1.32724897 -0.00539257434
1.33315273 -0.00675565073
1.34053581 -0.00816828156
1.34947893 -0.00957888652
1.3600542 -0.0109895136
1.37247321 -0.0124398788
1.38692581 -0.0139046025
1.40358013 -0.0154727936
1.42279732 -0.0170163309
1.44492089 -0.0186144183
1.47045275 -0.0202584351
1.49990778 -0.0219905175
1.53415824 -0.0237412941
1.57428048 -0.0255803794
1.62162948 -0.0274656366
1.67836684 -0.0294275953
1.74743759 -0.0315093797
1.83351015 -0.0335918998
1.94424054 -0.0356929069
2.09311364 -0.0376051382
2.30770382 -0.0387329325
2.6554672 -0.0356605914
3.38060461 0.00462556543
5.4851977 -8.49708752
1.17328583 -3.34492733
0.840594587 -2.47226272
0.716709053 -2.05651949
0.650849516 -1.80262461
0.609246986 -1.62782207
0.580059813 -1.4985894
0.558123475 -1.39852213
0.540788192 -1.31847835
0.526574514 -1.25296813
0.514567629 -1.19838669
0.504197885 -1.15238109
0.495084445 -1.11327676
0.486920983 -1.07990766
0.479555576 -1.0513949
0.472832063 -1.02712753
0.466617663 -1.00669851
0.460861447 -0.989800836
0.455489569 -0.976306853
0.450424634 -0.966240641
0.445656291 -0.959763629
0.441147338 -0.957316229
0.436852254 -0.959675843
0.432782958 -0.968361127
0.428933492 -0.986343392
0.425508857 -1.02064814
0.424712019 -1.09490735
0.0522898393 -1.30632875
0.0238757254 -1.03798659
0.0213025205 -0.940884699
0.0200264438 -0.876900242
0.0190799179 -0.827600782
0.0182814943 -0.786757005
0.0175734378 -0.751489609
0.0169307645 -0.720220786
0.0163401153 -0.691986325
0.0157931661 -0.666150218
0.0152841271 -0.642268482
0.0148086465 -0.620017324
0.0143632717 -0.599152253
0.0139451583 -0.579483358
0.0135519002 -0.560859639
0.0131814232 -0.543158648
0.0128319141 -0.526279422
0.0125017715 -0.510137509
0.0121895694 -0.494661385
0.0118940298 -0.479789813
0.0116140017 -0.46546986
0.0113484436 -0.451655381
0.01109641 -0.438305844
0.0108570397 -0.425385405
0.0106295463 -0.412862171
0.0104132095 -0.400707608
0.0102073686 -0.388896055
0.0100114162 -0.377404334
0.00982479282 -0.366211414
0.00964698229 -0.355298141
0.00947750778 -0.344647007
0.00931592809 -0.334241953
0.00916183448 -0.324068205
0.00901484784 -0.314112127
0.00887461615 -0.304361104
0.0087408122 -0.294803427
0.00861313154 -0.28542821
0.00849129069 -0.2762253
0.00837502545 -0.267185211
0.00826408941 -0.258299061
0.00815825262 -0.249558511
0.00805730036 -0.240955723
0.00796103202 -0.232483312
0.00786926012 -0.224134306
0.00778180933 -0.215902112
0.00769851571 -0.207780484
0.00761922589 -0.199763494
0.00754379641 -0.191845508
0.00747209305 -0.184021159
0.00740399027 -0.176285327
0.00733937067 -0.16863312
0.00727812449 -0.161059856
0.00722014919 -0.153561047
0.00716534902 -0.146132383
0.00711363464 -0.138769718
0.00706492277 -0.131469057
0.00701913593 -0.124226545
0.00697620205 -0.117038456
0.00693605431 -0.109901183
0.00689863083 -0.102811226
0.00686387447 -0.0957651855
0.00683173264 -0.0887597522
0.00680215709 -0.081791701
0.00677510377 -0.074857882
0.00675053266 -0.0679552138
0.00672840767 -0.0610806765
0.00670869647 -0.0542313054
0.00669137042 -0.0474041846
0.00667640446 -0.0405964412
0.00666377703 -0.0338052394
0.00665347001 -0.0270277748
0.00664546864 -0.020261269
0.00663976151 -0.0135029644
0.00663634048 -0.00675011876
END
